Solve Laplace equation on a 2D lattice with boundary conditions
Enter the size of the square lattice: 32 32

Inital field configuration:
1.00e+00 1.00e+00 1.00e+00 1.00e+00 1.00e+00 1.00e+00 1.00e+00 1.00e+00 1.00e+00 1.00e+00 1.00e+00 1.00e+00 1.00e+00 1.00e+00 1.00e+00 1.00e+00 1.00e+00 1.00e+00 1.00e+00 1.00e+00 1.00e+00 1.00e+00 1.00e+00 1.00e+00 1.00e+00 1.00e+00 1.00e+00 1.00e+00 1.00e+00 1.00e+00 1.00e+00 1.00e+00 
0.00e+00 0.00e+00 0.00e+00 0.00e+00 0.00e+00 0.00e+00 0.00e+00 0.00e+00 0.00e+00 0.00e+00 0.00e+00 0.00e+00 0.00e+00 0.00e+00 0.00e+00 0.00e+00 0.00e+00 0.00e+00 0.00e+00 0.00e+00 0.00e+00 0.00e+00 0.00e+00 0.00e+00 0.00e+00 0.00e+00 0.00e+00 0.00e+00 0.00e+00 0.00e+00 0.00e+00 0.00e+00 
0.00e+00 0.00e+00 0.00e+00 0.00e+00 0.00e+00 0.00e+00 0.00e+00 0.00e+00 0.00e+00 0.00e+00 0.00e+00 0.00e+00 0.00e+00 0.00e+00 0.00e+00 0.00e+00 0.00e+00 0.00e+00 0.00e+00 0.00e+00 0.00e+00 0.00e+00 0.00e+00 0.00e+00 0.00e+00 0.00e+00 0.00e+00 0.00e+00 0.00e+00 0.00e+00 0.00e+00 0.00e+00 
0.00e+00 0.00e+00 0.00e+00 0.00e+00 0.00e+00 0.00e+00 0.00e+00 0.00e+00 0.00e+00 0.00e+00 0.00e+00 0.00e+00 0.00e+00 0.00e+00 0.00e+00 0.00e+00 0.00e+00 0.00e+00 0.00e+00 0.00e+00 0.00e+00 0.00e+00 0.00e+00 0.00e+00 0.00e+00 0.00e+00 0.00e+00 0.00e+00 0.00e+00 0.00e+00 0.00e+00 0.00e+00 
0.00e+00 0.00e+00 0.00e+00 0.00e+00 0.00e+00 0.00e+00 0.00e+00 0.00e+00 0.00e+00 0.00e+00 0.00e+00 0.00e+00 0.00e+00 0.00e+00 0.00e+00 0.00e+00 0.00e+00 0.00e+00 0.00e+00 0.00e+00 0.00e+00 0.00e+00 0.00e+00 0.00e+00 0.00e+00 0.00e+00 0.00e+00 0.00e+00 0.00e+00 0.00e+00 0.00e+00 0.00e+00 
0.00e+00 0.00e+00 0.00e+00 0.00e+00 0.00e+00 0.00e+00 0.00e+00 0.00e+00 0.00e+00 0.00e+00 0.00e+00 0.00e+00 0.00e+00 0.00e+00 0.00e+00 0.00e+00 0.00e+00 0.00e+00 0.00e+00 0.00e+00 0.00e+00 0.00e+00 0.00e+00 0.00e+00 0.00e+00 0.00e+00 0.00e+00 0.00e+00 0.00e+00 0.00e+00 0.00e+00 0.00e+00 
0.00e+00 0.00e+00 0.00e+00 0.00e+00 0.00e+00 0.00e+00 0.00e+00 0.00e+00 0.00e+00 0.00e+00 0.00e+00 0.00e+00 0.00e+00 0.00e+00 0.00e+00 0.00e+00 0.00e+00 0.00e+00 0.00e+00 0.00e+00 0.00e+00 0.00e+00 0.00e+00 0.00e+00 0.00e+00 0.00e+00 0.00e+00 0.00e+00 0.00e+00 0.00e+00 0.00e+00 0.00e+00 
0.00e+00 0.00e+00 0.00e+00 0.00e+00 0.00e+00 0.00e+00 0.00e+00 0.00e+00 0.00e+00 0.00e+00 0.00e+00 0.00e+00 0.00e+00 0.00e+00 0.00e+00 0.00e+00 0.00e+00 0.00e+00 0.00e+00 0.00e+00 0.00e+00 0.00e+00 0.00e+00 0.00e+00 0.00e+00 0.00e+00 0.00e+00 0.00e+00 0.00e+00 0.00e+00 0.00e+00 0.00e+00 
0.00e+00 0.00e+00 0.00e+00 0.00e+00 0.00e+00 0.00e+00 0.00e+00 0.00e+00 0.00e+00 0.00e+00 0.00e+00 0.00e+00 0.00e+00 0.00e+00 0.00e+00 0.00e+00 0.00e+00 0.00e+00 0.00e+00 0.00e+00 0.00e+00 0.00e+00 0.00e+00 0.00e+00 0.00e+00 0.00e+00 0.00e+00 0.00e+00 0.00e+00 0.00e+00 0.00e+00 0.00e+00 
0.00e+00 0.00e+00 0.00e+00 0.00e+00 0.00e+00 0.00e+00 0.00e+00 0.00e+00 0.00e+00 0.00e+00 0.00e+00 0.00e+00 0.00e+00 0.00e+00 0.00e+00 0.00e+00 0.00e+00 0.00e+00 0.00e+00 0.00e+00 0.00e+00 0.00e+00 0.00e+00 0.00e+00 0.00e+00 0.00e+00 0.00e+00 0.00e+00 0.00e+00 0.00e+00 0.00e+00 0.00e+00 
0.00e+00 0.00e+00 0.00e+00 0.00e+00 0.00e+00 0.00e+00 0.00e+00 0.00e+00 0.00e+00 0.00e+00 0.00e+00 0.00e+00 0.00e+00 0.00e+00 0.00e+00 0.00e+00 0.00e+00 0.00e+00 0.00e+00 0.00e+00 0.00e+00 0.00e+00 0.00e+00 0.00e+00 0.00e+00 0.00e+00 0.00e+00 0.00e+00 0.00e+00 0.00e+00 0.00e+00 0.00e+00 
0.00e+00 0.00e+00 0.00e+00 0.00e+00 0.00e+00 0.00e+00 0.00e+00 0.00e+00 0.00e+00 0.00e+00 0.00e+00 0.00e+00 0.00e+00 0.00e+00 0.00e+00 0.00e+00 0.00e+00 0.00e+00 0.00e+00 0.00e+00 0.00e+00 0.00e+00 0.00e+00 0.00e+00 0.00e+00 0.00e+00 0.00e+00 0.00e+00 0.00e+00 0.00e+00 0.00e+00 0.00e+00 
0.00e+00 0.00e+00 0.00e+00 0.00e+00 0.00e+00 0.00e+00 0.00e+00 0.00e+00 0.00e+00 0.00e+00 0.00e+00 0.00e+00 0.00e+00 0.00e+00 0.00e+00 0.00e+00 0.00e+00 0.00e+00 0.00e+00 0.00e+00 0.00e+00 0.00e+00 0.00e+00 0.00e+00 0.00e+00 0.00e+00 0.00e+00 0.00e+00 0.00e+00 0.00e+00 0.00e+00 0.00e+00 
0.00e+00 0.00e+00 0.00e+00 0.00e+00 0.00e+00 0.00e+00 0.00e+00 0.00e+00 0.00e+00 0.00e+00 0.00e+00 0.00e+00 0.00e+00 0.00e+00 0.00e+00 0.00e+00 0.00e+00 0.00e+00 0.00e+00 0.00e+00 0.00e+00 0.00e+00 0.00e+00 0.00e+00 0.00e+00 0.00e+00 0.00e+00 0.00e+00 0.00e+00 0.00e+00 0.00e+00 0.00e+00 
0.00e+00 0.00e+00 0.00e+00 0.00e+00 0.00e+00 0.00e+00 0.00e+00 0.00e+00 0.00e+00 0.00e+00 0.00e+00 0.00e+00 0.00e+00 0.00e+00 0.00e+00 0.00e+00 0.00e+00 0.00e+00 0.00e+00 0.00e+00 0.00e+00 0.00e+00 0.00e+00 0.00e+00 0.00e+00 0.00e+00 0.00e+00 0.00e+00 0.00e+00 0.00e+00 0.00e+00 0.00e+00 
0.00e+00 0.00e+00 0.00e+00 0.00e+00 0.00e+00 0.00e+00 0.00e+00 0.00e+00 0.00e+00 0.00e+00 0.00e+00 0.00e+00 0.00e+00 0.00e+00 0.00e+00 0.00e+00 0.00e+00 0.00e+00 0.00e+00 0.00e+00 0.00e+00 0.00e+00 0.00e+00 0.00e+00 0.00e+00 0.00e+00 0.00e+00 0.00e+00 0.00e+00 0.00e+00 0.00e+00 0.00e+00 
0.00e+00 0.00e+00 0.00e+00 0.00e+00 0.00e+00 0.00e+00 0.00e+00 0.00e+00 0.00e+00 0.00e+00 0.00e+00 0.00e+00 0.00e+00 0.00e+00 0.00e+00 0.00e+00 0.00e+00 0.00e+00 0.00e+00 0.00e+00 0.00e+00 0.00e+00 0.00e+00 0.00e+00 0.00e+00 0.00e+00 0.00e+00 0.00e+00 0.00e+00 0.00e+00 0.00e+00 0.00e+00 
0.00e+00 0.00e+00 0.00e+00 0.00e+00 0.00e+00 0.00e+00 0.00e+00 0.00e+00 0.00e+00 0.00e+00 0.00e+00 0.00e+00 0.00e+00 0.00e+00 0.00e+00 0.00e+00 0.00e+00 0.00e+00 0.00e+00 0.00e+00 0.00e+00 0.00e+00 0.00e+00 0.00e+00 0.00e+00 0.00e+00 0.00e+00 0.00e+00 0.00e+00 0.00e+00 0.00e+00 0.00e+00 
0.00e+00 0.00e+00 0.00e+00 0.00e+00 0.00e+00 0.00e+00 0.00e+00 0.00e+00 0.00e+00 0.00e+00 0.00e+00 0.00e+00 0.00e+00 0.00e+00 0.00e+00 0.00e+00 0.00e+00 0.00e+00 0.00e+00 0.00e+00 0.00e+00 0.00e+00 0.00e+00 0.00e+00 0.00e+00 0.00e+00 0.00e+00 0.00e+00 0.00e+00 0.00e+00 0.00e+00 0.00e+00 
0.00e+00 0.00e+00 0.00e+00 0.00e+00 0.00e+00 0.00e+00 0.00e+00 0.00e+00 0.00e+00 0.00e+00 0.00e+00 0.00e+00 0.00e+00 0.00e+00 0.00e+00 0.00e+00 0.00e+00 0.00e+00 0.00e+00 0.00e+00 0.00e+00 0.00e+00 0.00e+00 0.00e+00 0.00e+00 0.00e+00 0.00e+00 0.00e+00 0.00e+00 0.00e+00 0.00e+00 0.00e+00 
0.00e+00 0.00e+00 0.00e+00 0.00e+00 0.00e+00 0.00e+00 0.00e+00 0.00e+00 0.00e+00 0.00e+00 0.00e+00 0.00e+00 0.00e+00 0.00e+00 0.00e+00 0.00e+00 0.00e+00 0.00e+00 0.00e+00 0.00e+00 0.00e+00 0.00e+00 0.00e+00 0.00e+00 0.00e+00 0.00e+00 0.00e+00 0.00e+00 0.00e+00 0.00e+00 0.00e+00 0.00e+00 
0.00e+00 0.00e+00 0.00e+00 0.00e+00 0.00e+00 0.00e+00 0.00e+00 0.00e+00 0.00e+00 0.00e+00 0.00e+00 0.00e+00 0.00e+00 0.00e+00 0.00e+00 0.00e+00 0.00e+00 0.00e+00 0.00e+00 0.00e+00 0.00e+00 0.00e+00 0.00e+00 0.00e+00 0.00e+00 0.00e+00 0.00e+00 0.00e+00 0.00e+00 0.00e+00 0.00e+00 0.00e+00 
0.00e+00 0.00e+00 0.00e+00 0.00e+00 0.00e+00 0.00e+00 0.00e+00 0.00e+00 0.00e+00 0.00e+00 0.00e+00 0.00e+00 0.00e+00 0.00e+00 0.00e+00 0.00e+00 0.00e+00 0.00e+00 0.00e+00 0.00e+00 0.00e+00 0.00e+00 0.00e+00 0.00e+00 0.00e+00 0.00e+00 0.00e+00 0.00e+00 0.00e+00 0.00e+00 0.00e+00 0.00e+00 
0.00e+00 0.00e+00 0.00e+00 0.00e+00 0.00e+00 0.00e+00 0.00e+00 0.00e+00 0.00e+00 0.00e+00 0.00e+00 0.00e+00 0.00e+00 0.00e+00 0.00e+00 0.00e+00 0.00e+00 0.00e+00 0.00e+00 0.00e+00 0.00e+00 0.00e+00 0.00e+00 0.00e+00 0.00e+00 0.00e+00 0.00e+00 0.00e+00 0.00e+00 0.00e+00 0.00e+00 0.00e+00 
0.00e+00 0.00e+00 0.00e+00 0.00e+00 0.00e+00 0.00e+00 0.00e+00 0.00e+00 0.00e+00 0.00e+00 0.00e+00 0.00e+00 0.00e+00 0.00e+00 0.00e+00 0.00e+00 0.00e+00 0.00e+00 0.00e+00 0.00e+00 0.00e+00 0.00e+00 0.00e+00 0.00e+00 0.00e+00 0.00e+00 0.00e+00 0.00e+00 0.00e+00 0.00e+00 0.00e+00 0.00e+00 
0.00e+00 0.00e+00 0.00e+00 0.00e+00 0.00e+00 0.00e+00 0.00e+00 0.00e+00 0.00e+00 0.00e+00 0.00e+00 0.00e+00 0.00e+00 0.00e+00 0.00e+00 0.00e+00 0.00e+00 0.00e+00 0.00e+00 0.00e+00 0.00e+00 0.00e+00 0.00e+00 0.00e+00 0.00e+00 0.00e+00 0.00e+00 0.00e+00 0.00e+00 0.00e+00 0.00e+00 0.00e+00 
0.00e+00 0.00e+00 0.00e+00 0.00e+00 0.00e+00 0.00e+00 0.00e+00 0.00e+00 0.00e+00 0.00e+00 0.00e+00 0.00e+00 0.00e+00 0.00e+00 0.00e+00 0.00e+00 0.00e+00 0.00e+00 0.00e+00 0.00e+00 0.00e+00 0.00e+00 0.00e+00 0.00e+00 0.00e+00 0.00e+00 0.00e+00 0.00e+00 0.00e+00 0.00e+00 0.00e+00 0.00e+00 
0.00e+00 0.00e+00 0.00e+00 0.00e+00 0.00e+00 0.00e+00 0.00e+00 0.00e+00 0.00e+00 0.00e+00 0.00e+00 0.00e+00 0.00e+00 0.00e+00 0.00e+00 0.00e+00 0.00e+00 0.00e+00 0.00e+00 0.00e+00 0.00e+00 0.00e+00 0.00e+00 0.00e+00 0.00e+00 0.00e+00 0.00e+00 0.00e+00 0.00e+00 0.00e+00 0.00e+00 0.00e+00 
0.00e+00 0.00e+00 0.00e+00 0.00e+00 0.00e+00 0.00e+00 0.00e+00 0.00e+00 0.00e+00 0.00e+00 0.00e+00 0.00e+00 0.00e+00 0.00e+00 0.00e+00 0.00e+00 0.00e+00 0.00e+00 0.00e+00 0.00e+00 0.00e+00 0.00e+00 0.00e+00 0.00e+00 0.00e+00 0.00e+00 0.00e+00 0.00e+00 0.00e+00 0.00e+00 0.00e+00 0.00e+00 
0.00e+00 0.00e+00 0.00e+00 0.00e+00 0.00e+00 0.00e+00 0.00e+00 0.00e+00 0.00e+00 0.00e+00 0.00e+00 0.00e+00 0.00e+00 0.00e+00 0.00e+00 0.00e+00 0.00e+00 0.00e+00 0.00e+00 0.00e+00 0.00e+00 0.00e+00 0.00e+00 0.00e+00 0.00e+00 0.00e+00 0.00e+00 0.00e+00 0.00e+00 0.00e+00 0.00e+00 0.00e+00 
0.00e+00 0.00e+00 0.00e+00 0.00e+00 0.00e+00 0.00e+00 0.00e+00 0.00e+00 0.00e+00 0.00e+00 0.00e+00 0.00e+00 0.00e+00 0.00e+00 0.00e+00 0.00e+00 0.00e+00 0.00e+00 0.00e+00 0.00e+00 0.00e+00 0.00e+00 0.00e+00 0.00e+00 0.00e+00 0.00e+00 0.00e+00 0.00e+00 0.00e+00 0.00e+00 0.00e+00 0.00e+00 
0.00e+00 0.00e+00 0.00e+00 0.00e+00 0.00e+00 0.00e+00 0.00e+00 0.00e+00 0.00e+00 0.00e+00 0.00e+00 0.00e+00 0.00e+00 0.00e+00 0.00e+00 0.00e+00 0.00e+00 0.00e+00 0.00e+00 0.00e+00 0.00e+00 0.00e+00 0.00e+00 0.00e+00 0.00e+00 0.00e+00 0.00e+00 0.00e+00 0.00e+00 0.00e+00 0.00e+00 0.00e+00 

error = 0.000000000000000e+00
total iterations = 2606
Processing time for CPU: 9.686016 (ms) 
CPU Gflops: 1.695000

Final field configuration (CPU):
1.00e+00 1.00e+00 1.00e+00 1.00e+00 1.00e+00 1.00e+00 1.00e+00 1.00e+00 1.00e+00 1.00e+00 1.00e+00 1.00e+00 1.00e+00 1.00e+00 1.00e+00 1.00e+00 1.00e+00 1.00e+00 1.00e+00 1.00e+00 1.00e+00 1.00e+00 1.00e+00 1.00e+00 1.00e+00 1.00e+00 1.00e+00 1.00e+00 1.00e+00 1.00e+00 1.00e+00 1.00e+00 
0.00e+00 4.99e-01 6.95e-01 7.87e-01 8.37e-01 8.67e-01 8.87e-01 9.01e-01 9.11e-01 9.18e-01 9.24e-01 9.28e-01 9.31e-01 9.33e-01 9.34e-01 9.35e-01 9.35e-01 9.34e-01 9.33e-01 9.31e-01 9.28e-01 9.24e-01 9.18e-01 9.11e-01 9.01e-01 8.87e-01 8.67e-01 8.37e-01 7.87e-01 6.95e-01 4.99e-01 0.00e+00 
0.00e+00 3.00e-01 4.95e-01 6.16e-01 6.93e-01 7.44e-01 7.80e-01 8.05e-01 8.24e-01 8.38e-01 8.49e-01 8.57e-01 8.62e-01 8.67e-01 8.69e-01 8.70e-01 8.70e-01 8.69e-01 8.67e-01 8.62e-01 8.57e-01 8.49e-01 8.38e-01 8.24e-01 8.05e-01 7.80e-01 7.44e-01 6.93e-01 6.16e-01 4.95e-01 3.00e-01 0.00e+00 
0.00e+00 2.06e-01 3.70e-01 4.90e-01 5.76e-01 6.37e-01 6.83e-01 7.16e-01 7.42e-01 7.61e-01 7.76e-01 7.87e-01 7.96e-01 8.02e-01 8.06e-01 8.07e-01 8.07e-01 8.06e-01 8.02e-01 7.96e-01 7.87e-01 7.76e-01 7.61e-01 7.42e-01 7.16e-01 6.83e-01 6.37e-01 5.76e-01 4.90e-01 3.70e-01 2.06e-01 0.00e+00 
0.00e+00 1.54e-01 2.88e-01 3.97e-01 4.82e-01 5.47e-01 5.97e-01 6.36e-01 6.66e-01 6.89e-01 7.07e-01 7.21e-01 7.32e-01 7.39e-01 7.44e-01 7.46e-01 7.46e-01 7.44e-01 7.39e-01 7.32e-01 7.21e-01 7.07e-01 6.89e-01 6.66e-01 6.36e-01 5.97e-01 5.47e-01 4.82e-01 3.97e-01 2.88e-01 1.54e-01 0.00e+00 
0.00e+00 1.22e-01 2.33e-01 3.28e-01 4.07e-01 4.72e-01 5.23e-01 5.64e-01 5.96e-01 6.22e-01 6.43e-01 6.58e-01 6.70e-01 6.79e-01 6.84e-01 6.87e-01 6.87e-01 6.84e-01 6.79e-01 6.70e-01 6.58e-01 6.43e-01 6.22e-01 5.96e-01 5.64e-01 5.23e-01 4.72e-01 4.07e-01 3.28e-01 2.33e-01 1.22e-01 0.00e+00 
0.00e+00 9.94e-02 1.93e-01 2.76e-01 3.48e-01 4.09e-01 4.59e-01 5.00e-01 5.34e-01 5.61e-01 5.83e-01 6.00e-01 6.13e-01 6.22e-01 6.28e-01 6.31e-01 6.31e-01 6.28e-01 6.22e-01 6.13e-01 6.00e-01 5.83e-01 5.61e-01 5.34e-01 5.00e-01 4.59e-01 4.09e-01 3.48e-01 2.76e-01 1.93e-01 9.94e-02 0.00e+00 
0.00e+00 8.33e-02 1.63e-01 2.36e-01 3.00e-01 3.56e-01 4.04e-01 4.44e-01 4.78e-01 5.05e-01 5.27e-01 5.45e-01 5.58e-01 5.68e-01 5.75e-01 5.78e-01 5.78e-01 5.75e-01 5.68e-01 5.58e-01 5.45e-01 5.27e-01 5.05e-01 4.78e-01 4.44e-01 4.04e-01 3.56e-01 3.00e-01 2.36e-01 1.63e-01 8.33e-02 0.00e+00 
0.00e+00 7.10e-02 1.39e-01 2.03e-01 2.61e-01 3.12e-01 3.57e-01 3.95e-01 4.28e-01 4.54e-01 4.77e-01 4.94e-01 5.08e-01 5.18e-01 5.24e-01 5.28e-01 5.28e-01 5.24e-01 5.18e-01 5.08e-01 4.94e-01 4.77e-01 4.54e-01 4.28e-01 3.95e-01 3.57e-01 3.12e-01 2.61e-01 2.03e-01 1.39e-01 7.10e-02 0.00e+00 
0.00e+00 6.13e-02 1.21e-01 1.77e-01 2.28e-01 2.75e-01 3.16e-01 3.52e-01 3.83e-01 4.09e-01 4.30e-01 4.48e-01 4.61e-01 4.71e-01 4.77e-01 4.81e-01 4.81e-01 4.77e-01 4.71e-01 4.61e-01 4.48e-01 4.30e-01 4.09e-01 3.83e-01 3.52e-01 3.16e-01 2.75e-01 2.28e-01 1.77e-01 1.21e-01 6.13e-02 0.00e+00 
0.00e+00 5.33e-02 1.05e-01 1.55e-01 2.01e-01 2.43e-01 2.81e-01 3.14e-01 3.43e-01 3.67e-01 3.88e-01 4.05e-01 4.18e-01 4.27e-01 4.34e-01 4.37e-01 4.37e-01 4.34e-01 4.27e-01 4.18e-01 4.05e-01 3.88e-01 3.67e-01 3.43e-01 3.14e-01 2.81e-01 2.43e-01 2.01e-01 1.55e-01 1.05e-01 5.33e-02 0.00e+00 
0.00e+00 4.67e-02 9.25e-02 1.36e-01 1.77e-01 2.15e-01 2.50e-01 2.80e-01 3.07e-01 3.30e-01 3.50e-01 3.65e-01 3.78e-01 3.87e-01 3.93e-01 3.97e-01 3.97e-01 3.93e-01 3.87e-01 3.78e-01 3.65e-01 3.50e-01 3.30e-01 3.07e-01 2.80e-01 2.50e-01 2.15e-01 1.77e-01 1.36e-01 9.25e-02 4.67e-02 0.00e+00 
0.00e+00 4.12e-02 8.15e-02 1.20e-01 1.57e-01 1.91e-01 2.22e-01 2.50e-01 2.75e-01 2.96e-01 3.15e-01 3.30e-01 3.41e-01 3.50e-01 3.56e-01 3.59e-01 3.59e-01 3.56e-01 3.50e-01 3.41e-01 3.30e-01 3.15e-01 2.96e-01 2.75e-01 2.50e-01 2.22e-01 1.91e-01 1.57e-01 1.20e-01 8.15e-02 4.12e-02 0.00e+00 
0.00e+00 3.64e-02 7.21e-02 1.07e-01 1.39e-01 1.70e-01 1.98e-01 2.24e-01 2.46e-01 2.66e-01 2.83e-01 2.97e-01 3.08e-01 3.16e-01 3.22e-01 3.24e-01 3.24e-01 3.22e-01 3.16e-01 3.08e-01 2.97e-01 2.83e-01 2.66e-01 2.46e-01 2.24e-01 1.98e-01 1.70e-01 1.39e-01 1.07e-01 7.21e-02 3.64e-02 0.00e+00 
0.00e+00 3.22e-02 6.39e-02 9.46e-02 1.24e-01 1.51e-01 1.77e-01 2.00e-01 2.20e-01 2.39e-01 2.54e-01 2.67e-01 2.77e-01 2.85e-01 2.90e-01 2.93e-01 2.93e-01 2.90e-01 2.85e-01 2.77e-01 2.67e-01 2.54e-01 2.39e-01 2.20e-01 2.00e-01 1.77e-01 1.51e-01 1.24e-01 9.46e-02 6.39e-02 3.22e-02 0.00e+00 
0.00e+00 2.86e-02 5.67e-02 8.40e-02 1.10e-01 1.35e-01 1.58e-01 1.78e-01 1.97e-01 2.14e-01 2.28e-01 2.40e-01 2.49e-01 2.56e-01 2.61e-01 2.63e-01 2.63e-01 2.61e-01 2.56e-01 2.49e-01 2.40e-01 2.28e-01 2.14e-01 1.97e-01 1.78e-01 1.58e-01 1.35e-01 1.10e-01 8.40e-02 5.67e-02 2.86e-02 0.00e+00 
0.00e+00 2.53e-02 5.03e-02 7.46e-02 9.79e-02 1.20e-01 1.40e-01 1.59e-01 1.76e-01 1.91e-01 2.04e-01 2.15e-01 2.24e-01 2.30e-01 2.34e-01 2.37e-01 2.37e-01 2.34e-01 2.30e-01 2.24e-01 2.15e-01 2.04e-01 1.91e-01 1.76e-01 1.59e-01 1.40e-01 1.20e-01 9.79e-02 7.46e-02 5.03e-02 2.53e-02 0.00e+00 
0.00e+00 2.25e-02 4.47e-02 6.63e-02 8.70e-02 1.07e-01 1.25e-01 1.42e-01 1.57e-01 1.71e-01 1.82e-01 1.92e-01 2.00e-01 2.06e-01 2.10e-01 2.12e-01 2.12e-01 2.10e-01 2.06e-01 2.00e-01 1.92e-01 1.82e-01 1.71e-01 1.57e-01 1.42e-01 1.25e-01 1.07e-01 8.70e-02 6.63e-02 4.47e-02 2.25e-02 0.00e+00 
0.00e+00 1.99e-02 3.96e-02 5.87e-02 7.71e-02 9.46e-02 1.11e-01 1.26e-01 1.40e-01 1.52e-01 1.62e-01 1.71e-01 1.78e-01 1.84e-01 1.87e-01 1.89e-01 1.89e-01 1.87e-01 1.84e-01 1.78e-01 1.71e-01 1.62e-01 1.52e-01 1.40e-01 1.26e-01 1.11e-01 9.46e-02 7.71e-02 5.87e-02 3.96e-02 1.99e-02 0.00e+00 
0.00e+00 1.76e-02 3.50e-02 5.19e-02 6.82e-02 8.38e-02 9.83e-02 1.12e-01 1.24e-01 1.35e-01 1.44e-01 1.52e-01 1.59e-01 1.63e-01 1.67e-01 1.68e-01 1.68e-01 1.67e-01 1.63e-01 1.59e-01 1.52e-01 1.44e-01 1.35e-01 1.24e-01 1.12e-01 9.83e-02 8.38e-02 6.82e-02 5.19e-02 3.50e-02 1.76e-02 0.00e+00 
0.00e+00 1.55e-02 3.08e-02 4.57e-02 6.01e-02 7.38e-02 8.67e-02 9.86e-02 1.09e-01 1.19e-01 1.27e-01 1.35e-01 1.40e-01 1.45e-01 1.47e-01 1.49e-01 1.49e-01 1.47e-01 1.45e-01 1.40e-01 1.35e-01 1.27e-01 1.19e-01 1.09e-01 9.86e-02 8.67e-02 7.38e-02 6.01e-02 4.57e-02 3.08e-02 1.55e-02 0.00e+00 
0.00e+00 1.36e-02 2.70e-02 4.01e-02 5.27e-02 6.48e-02 7.61e-02 8.66e-02 9.61e-02 1.05e-01 1.12e-01 1.18e-01 1.23e-01 1.27e-01 1.30e-01 1.31e-01 1.31e-01 1.30e-01 1.27e-01 1.23e-01 1.18e-01 1.12e-01 1.05e-01 9.61e-02 8.66e-02 7.61e-02 6.48e-02 5.27e-02 4.01e-02 2.70e-02 1.36e-02 0.00e+00 
0.00e+00 1.18e-02 2.35e-02 3.49e-02 4.59e-02 5.64e-02 6.63e-02 7.55e-02 8.38e-02 9.13e-02 9.78e-02 1.03e-01 1.08e-01 1.11e-01 1.13e-01 1.14e-01 1.14e-01 1.13e-01 1.11e-01 1.08e-01 1.03e-01 9.78e-02 9.13e-02 8.38e-02 7.55e-02 6.63e-02 5.64e-02 4.59e-02 3.49e-02 2.35e-02 1.18e-02 0.00e+00 
0.00e+00 1.02e-02 2.03e-02 3.01e-02 3.97e-02 4.87e-02 5.73e-02 6.52e-02 7.24e-02 7.89e-02 8.45e-02 8.93e-02 9.32e-02 9.61e-02 9.81e-02 9.91e-02 9.91e-02 9.81e-02 9.61e-02 9.32e-02 8.93e-02 8.45e-02 7.89e-02 7.24e-02 6.52e-02 5.73e-02 4.87e-02 3.97e-02 3.01e-02 2.03e-02 1.02e-02 0.00e+00 
0.00e+00 8.69e-03 1.73e-02 2.57e-02 3.38e-02 4.16e-02 4.89e-02 5.56e-02 6.18e-02 6.73e-02 7.22e-02 7.63e-02 7.96e-02 8.21e-02 8.38e-02 8.46e-02 8.46e-02 8.38e-02 8.21e-02 7.96e-02 7.63e-02 7.22e-02 6.73e-02 6.18e-02 5.56e-02 4.89e-02 4.16e-02 3.38e-02 2.57e-02 1.73e-02 8.69e-03 0.00e+00 
0.00e+00 7.28e-03 1.45e-02 2.15e-02 2.83e-02 3.48e-02 4.09e-02 4.66e-02 5.18e-02 5.65e-02 6.05e-02 6.40e-02 6.68e-02 6.89e-02 7.03e-02 7.10e-02 7.10e-02 7.03e-02 6.89e-02 6.68e-02 6.40e-02 6.05e-02 5.65e-02 5.18e-02 4.66e-02 4.09e-02 3.48e-02 2.83e-02 2.15e-02 1.45e-02 7.28e-03 0.00e+00 
0.00e+00 5.95e-03 1.18e-02 1.76e-02 2.32e-02 2.85e-02 3.35e-02 3.81e-02 4.24e-02 4.62e-02 4.95e-02 5.23e-02 5.46e-02 5.64e-02 5.75e-02 5.81e-02 5.81e-02 5.75e-02 5.64e-02 5.46e-02 5.23e-02 4.95e-02 4.62e-02 4.24e-02 3.81e-02 3.35e-02 2.85e-02 2.32e-02 1.76e-02 1.18e-02 5.95e-03 0.00e+00 
0.00e+00 4.68e-03 9.32e-03 1.38e-02 1.82e-02 2.24e-02 2.64e-02 3.00e-02 3.34e-02 3.64e-02 3.90e-02 4.12e-02 4.31e-02 4.44e-02 4.53e-02 4.58e-02 4.58e-02 4.53e-02 4.44e-02 4.31e-02 4.12e-02 3.90e-02 3.64e-02 3.34e-02 3.00e-02 2.64e-02 2.24e-02 1.82e-02 1.38e-02 9.32e-03 4.68e-03 0.00e+00 
0.00e+00 3.47e-03 6.90e-03 1.03e-02 1.35e-02 1.66e-02 1.95e-02 2.23e-02 2.47e-02 2.70e-02 2.89e-02 3.06e-02 3.19e-02 3.29e-02 3.36e-02 3.40e-02 3.40e-02 3.36e-02 3.29e-02 3.19e-02 3.06e-02 2.89e-02 2.70e-02 2.47e-02 2.23e-02 1.95e-02 1.66e-02 1.35e-02 1.03e-02 6.90e-03 3.47e-03 0.00e+00 
0.00e+00 2.29e-03 4.56e-03 6.78e-03 8.93e-03 1.10e-02 1.29e-02 1.47e-02 1.64e-02 1.78e-02 1.91e-02 2.02e-02 2.11e-02 2.18e-02 2.22e-02 2.24e-02 2.24e-02 2.22e-02 2.18e-02 2.11e-02 2.02e-02 1.91e-02 1.78e-02 1.64e-02 1.47e-02 1.29e-02 1.10e-02 8.93e-03 6.78e-03 4.56e-03 2.29e-03 0.00e+00 
0.00e+00 1.14e-03 2.27e-03 3.37e-03 4.44e-03 5.46e-03 6.42e-03 7.32e-03 8.13e-03 8.87e-03 9.51e-03 1.01e-02 1.05e-02 1.08e-02 1.11e-02 1.12e-02 1.12e-02 1.11e-02 1.08e-02 1.05e-02 1.01e-02 9.51e-03 8.87e-03 8.13e-03 7.32e-03 6.42e-03 5.46e-03 4.44e-03 3.37e-03 2.27e-03 1.14e-03 0.00e+00 
0.00e+00 0.00e+00 0.00e+00 0.00e+00 0.00e+00 0.00e+00 0.00e+00 0.00e+00 0.00e+00 0.00e+00 0.00e+00 0.00e+00 0.00e+00 0.00e+00 0.00e+00 0.00e+00 0.00e+00 0.00e+00 0.00e+00 0.00e+00 0.00e+00 0.00e+00 0.00e+00 0.00e+00 0.00e+00 0.00e+00 0.00e+00 0.00e+00 0.00e+00 0.00e+00 0.00e+00 0.00e+00 
